x,y,z,pothole
0.732,1.5590000000000002,9.599,0
0.7,1.595,9.379,0
0.735,1.614,9.312000000000001,0
-0.294,1.145,9.977,0
-3.089,1.633,9.748,0
2.4619999999999997,1.993,11.559000000000001,0
1.485,3.136,9.06,0
0.898,2.8360000000000003,8.88,0
2.1,-4.435,9.322000000000001,0
4.226,5.561,8.248,0
1.69,5.107,10.154,0
1.347,4.7780000000000005,8.026,0
-0.499,7.029,9.593,0
-0.157,6.729,10.83,0
0.08199999999999999,7.94,11.13,0
-0.292,8.871,11.65,0
0.6609999999999999,8.116,10.204,0
-0.05,12.315999999999999,9.292,0
-0.289,8.437000000000001,9.593,0
-1.301,12.812999999999999,11.027999999999999,0
1.915,9.943999999999999,10.389000000000001,0
-0.078,9.138,11.345,0
0.311,9.139,10.839,0
-0.139,8.1,9.254,0
0.46399999999999997,7.481,9.15,0
0.46,10.595999999999998,8.011000000000001,0
-0.998,13.36,10.035,0
0.612,9.554,11.171,0
0.27699999999999997,9.663,9.378,0
0.40700000000000003,9.469,8.902999999999999,0
0.239,9.49,9.72,0
0.21,9.533999999999999,10.65,0
0.381,9.557,8.807,0
0.382,9.523,8.45,0
0.312,9.447000000000001,9.322000000000001,0
0.225,9.547,9.562999999999999,0
0.377,9.56,10.419,0
0.22399999999999998,9.605,10.217,0
0.41600000000000004,9.559,8.267000000000001,0
0.575,9.599,9.264,0
0.322,9.572000000000001,8.454,0
0.344,9.387,10.491,0
0.304,9.499,11.383,0
0.278,9.501,10.327,0
0.239,9.517999999999999,9.34,0
0.35100000000000003,9.521,10.585,0
0.447,9.474,8.405,0
0.389,9.499,8.356,0
0.141,9.476,9.273,0
4.226,5.561,8.248,0
1.69,5.107,10.154,0
1.347,4.7780000000000005,8.026,0
-0.499,7.029,9.593,0
-0.157,6.729,10.83,0
0.08199999999999999,7.94,11.13,0
-0.292,8.871,11.65,0
0.6609999999999999,8.116,10.204,0
0.46,10.595999999999998,8.011000000000001,0
-0.998,13.36,10.035,0
0.612,9.554,11.171,0
0.27699999999999997,9.663,9.378,0
0.40700000000000003,9.469,8.902999999999999,0
0.239,9.49,9.72,0
0.21,9.533999999999999,10.65,0
0.381,9.557,8.807,0
0.382,9.523,8.45,0
0.312,9.447000000000001,9.322000000000001,0
0.225,9.547,9.562999999999999,0
0.377,9.56,10.419,0
0.22399999999999998,9.605,10.217,0
0.41600000000000004,9.559,8.267000000000001,0
0.7,1.595,9.379,0
0.735,1.614,9.312000000000001,0
-0.294,1.145,9.977,0
-3.089,1.633,9.748,0
2.4619999999999997,1.993,11.559000000000001,0
1.485,3.136,9.06,0
0.898,2.8360000000000003,8.88,0
2.1,-4.435,9.322000000000001,0
4.226,5.561,8.248,0
1.69,5.107,10.154,0
1.347,4.7780000000000005,8.026,0
-0.499,7.029,9.593,0
0.21,9.533999999999999,10.65,0
0.381,9.557,8.807,0
0.382,9.523,8.45,0
0.312,9.447000000000001,9.322000000000001,0
0.225,9.547,9.562999999999999,0
0.377,9.56,10.419,0
0.22399999999999998,9.605,10.217,0
0.41600000000000004,9.559,8.267000000000001,0
0.7,1.595,9.379,0
0.735,1.614,9.312000000000001,0
-0.294,1.145,9.977,0
-3.089,1.633,9.748,0
2.4619999999999997,1.993,11.559000000000001,0
1.485,3.136,9.06,0
0.898,2.8360000000000003,8.88,0
2.1,-4.435,9.322000000000001,0
0.732,1.5590000000000002,9.599,0
0.7,1.595,5.379,1
0.735,1.614,6.312,0
-0.294,1.145,7.977,0
-3.089,1.633,9.748,0
2.4619999999999997,1.993,11.559000000000001,0
1.485,3.136,9.06,0
0.898,2.8360000000000003,8.88,0
2.1,-4.435,9.322000000000001,0
4.226,5.561,8.248,0
1.69,5.107,10.154,0
1.347,4.7780000000000005,8.026,0
-0.499,7.029,9.593,0
-0.157,6.729,10.83,0
0.08199999999999999,7.94,11.13,0
-0.292,8.871,11.65,0
0.6609999999999999,8.116,10.204,0
-0.05,12.315999999999999,9.292,0
-0.289,8.437000000000001,9.593,0
-1.301,12.812999999999999,11.027999999999999,0
1.915,9.943999999999999,10.389000000000001,0
-0.078,9.138,11.345,0
0.311,9.139,10.839,0
-0.139,8.1,9.254,0
0.46399999999999997,7.481,9.15,0
0.46,10.595999999999998,8.011000000000001,0
-0.998,13.36,10.035,0
0.612,9.554,11.171,0
0.27699999999999997,9.663,9.378,0
0.40700000000000003,9.469,8.902999999999999,0
0.239,9.49,4.22,1
0.21,9.533999999999999,6.65,0
0.381,9.557,8.807,0
0.382,9.523,8.45,0
0.312,9.447000000000001,9.322000000000001,0
0.225,9.547,9.562999999999999,0
0.377,9.56,10.419,0
0.22399999999999998,9.605,10.217,0
0.41600000000000004,9.559,8.267000000000001,0
0.575,9.599,9.264,0
0.322,9.572000000000001,8.454,0
0.344,9.387,10.491,0
0.304,9.499,11.383,0
0.278,9.501,10.327,0
0.239,9.517999999999999,9.34,0
0.35100000000000003,9.521,10.585,0
0.447,9.474,8.405,0
0.389,9.499,8.356,0
0.141,9.476,9.273,0
4.226,5.561,8.248,0
1.69,5.107,10.154,0
1.347,4.7780000000000005,8.026,0
-0.499,7.029,9.593,0
-0.157,6.729,10.83,0
0.08199999999999999,7.94,11.13,0
-0.292,8.871,11.65,0
0.6609999999999999,8.116,10.204,0
0.46,10.595999999999998,8.011000000000001,0
-0.998,13.36,10.035,0
0.612,9.554,11.171,0
0.27699999999999997,9.663,5.377999999999999,1
0.40700000000000003,9.469,7.903,0
0.239,9.49,9.72,0
0.21,9.533999999999999,10.65,0
0.381,9.557,8.807,0
0.382,9.523,8.45,0
0.312,9.447000000000001,9.322000000000001,0
0.225,9.547,9.562999999999999,0
0.377,9.56,10.419,0
0.22399999999999998,9.605,10.217,0
0.41600000000000004,9.559,8.267000000000001,0
0.7,1.595,9.379,0
0.735,1.614,9.312000000000001,0
-0.294,1.145,9.977,0
-3.089,1.633,9.748,0
2.4619999999999997,1.993,11.559000000000001,0
1.485,3.136,9.06,0
0.898,2.8360000000000003,8.88,0
2.1,-4.435,9.322000000000001,0
4.226,5.561,8.248,0
1.69,5.107,10.154,0
1.347,4.7780000000000005,8.026,0
-0.499,7.029,9.593,0
0.21,9.533999999999999,10.65,0
0.381,9.557,8.807,0
0.382,9.523,8.45,0
0.312,9.447000000000001,3.322,1
0.225,9.547,6.063,0
0.377,9.56,8.419,0
0.22399999999999998,9.605,10.217,0
0.41600000000000004,9.559,8.267000000000001,0
0.7,1.595,9.379,0
0.735,1.614,9.312000000000001,0
-0.294,1.145,9.977,0
-3.089,1.633,9.748,0
2.4619999999999997,1.993,11.559000000000001,0
1.485,3.136,9.06,0
0.898,2.8360000000000003,8.88,0
2.1,-4.435,9.322000000000001,0
0.381,9.557,8.807,0
0.382,9.523,8.45,0
0.312,9.447000000000001,9.322000000000001,0
0.225,9.547,9.562999999999999,0
0.377,9.56,10.419,0
0.22399999999999998,9.605,10.217,0
0.41600000000000004,9.559,8.267000000000001,0
0.575,9.599,9.264,0
0.322,9.572000000000001,7.454,0
0.344,9.387,2.491,0
0.304,9.499,5.382999999999999,0
0.278,9.501,7.327000000000001,0
0.239,9.517999999999999,9.34,0
0.35100000000000003,9.521,10.585,0
0.447,9.474,8.405,0
0.389,9.499,8.356,0
0.141,9.476,9.273,0
4.226,5.561,8.248,0
1.69,5.107,10.154,0
1.69,5.107,10.154,0
1.347,4.7780000000000005,8.026,0
-0.499,7.029,9.593,0
-0.157,6.729,10.83,0
0.08199999999999999,7.94,11.13,0
-0.292,8.871,11.65,0
0.6609999999999999,8.116,10.204,0
0.46,10.595999999999998,8.011000000000001,0
-0.998,13.36,10.035,0
0.612,9.554,11.171,0
0.381,9.557,6.807,1
0.382,9.523,8.45,0
0.312,9.447000000000001,9.322000000000001,0
0.225,9.547,9.562999999999999,0
0.377,9.56,10.419,0
0.22399999999999998,9.605,10.217,0
0.41600000000000004,9.559,8.267000000000001,0
0.575,9.599,9.264,0
0.322,9.572000000000001,8.454,0
0.344,9.387,10.491,0
0.304,9.499,11.383,0
0.278,9.501,10.327,0
0.239,9.517999999999999,9.34,0
0.35100000000000003,9.521,10.585,0
0.447,9.474,8.405,0
0.389,9.499,8.356,0
0.141,9.476,9.273,0
4.226,5.561,8.248,0
1.69,5.107,10.154,0
1.347,4.7780000000000005,8.026,0
-0.499,7.029,9.593,0
-0.157,6.729,10.83,0
0.08199999999999999,7.94,11.13,0
-0.292,8.871,11.65,0
0.6609999999999999,8.116,10.204,0
0.46,10.595999999999998,8.011000000000001,0
-0.998,13.36,10.035,0
0.612,9.554,11.171,0
0.381,9.557,8.807,0
0.382,9.523,8.45,0
0.312,9.447000000000001,9.322000000000001,0
0.225,9.547,4.263,1
0.377,9.56,6.419,0
0.22399999999999998,9.605,8.217,0
0.41600000000000004,9.559,8.267000000000001,0
0.575,9.599,9.264,0
0.322,9.572000000000001,8.454,0
0.344,9.387,10.491,0
0.304,9.499,11.383,0
0.278,9.501,10.327,0
0.239,9.517999999999999,9.34,0
0.35100000000000003,9.521,10.585,0
0.447,9.474,8.405,0
0.389,9.499,8.356,0
0.141,9.476,9.273,0
4.226,5.561,8.248,0
1.69,5.107,10.154,0
1.347,4.7780000000000005,8.026,0
-0.499,7.029,9.593,0
-0.157,6.729,10.83,0
0.08199999999999999,7.94,11.13,0
-0.292,8.871,11.65,0
0.6609999999999999,8.116,10.204,0
0.46,10.595999999999998,8.011000000000001,0
-0.998,13.36,10.035,0
0.612,9.554,11.171,0
0.381,9.557,8.807,0
0.382,9.523,8.45,0
0.312,9.447000000000001,9.322000000000001,0
0.225,9.547,9.562999999999999,0
0.377,9.56,10.419,0
0.22399999999999998,9.605,10.217,0
0.41600000000000004,9.559,5.267,1
0.575,9.599,7.263999999999999,0
0.322,9.572000000000001,8.454,0
0.344,9.387,10.491,0
0.304,9.499,11.383,0
0.278,9.501,10.327,0
0.239,9.517999999999999,9.34,0
0.35100000000000003,9.521,10.585,0
0.447,9.474,8.405,0
0.389,9.499,8.356,0
0.141,9.476,9.273,0
4.226,5.561,8.248,0
1.69,5.107,10.154,0
1.347,4.7780000000000005,8.026,0
-0.499,7.029,9.593,0
-0.157,6.729,4.83,1
0.08199999999999999,7.941,6.13,0
-0.292,8.871,8.65,0
0.6609999999999999,8.116,10.204,0
0.46,10.595999999999998,8.011000000000001,0
-0.998,13.36,10.035,0
0.612,9.554,11.171,0
0.381,9.557,8.807,0
0.382,9.523,8.45,0
0.312,9.447000000000001,9.322000000000001,0
0.225,9.547,9.562999999999999,0
0.377,9.56,10.419,0
0.22399999999999998,9.605,10.217,0
0.41600000000000004,9.559,8.267000000000001,0
0.575,9.599,9.264,0
0.322,9.572000000000001,8.454,0
0.344,9.387,10.491,0
0.304,9.499,11.383,0
0.278,9.501,10.327,0
0.239,9.517999999999999,9.34,0
0.35100000000000003,9.521,10.585,0
0.447,9.474,8.405,0
0.389,9.499,8.356,0
0.141,9.476,9.273,0
4.226,5.561,8.248,0
1.69,5.107,10.154,0
1.347,4.7780000000000005,8.026,0
-0.499,7.029,9.593,0
-0.157,6.729,8.83,0
0.08199999999999999,7.94,3.13,1
-0.292,8.871,6.65,0
0.6609999999999999,8.116,8.204,0
0.46,10.595999999999998,8.011000000000001,0
-0.998,13.36,10.035,0
0.612,9.554,11.171,0
0.381,9.557,8.807,0
0.382,9.523,8.45,0
0.312,9.447000000000001,9.322000000000001,0
0.225,9.547,9.562999999999999,0
0.377,9.56,10.419,0
0.22399999999999998,9.605,10.217,0
0.41600000000000004,9.559,8.267000000000001,0
0.575,9.599,9.264,0
0.322,9.572000000000001,8.454,0
0.344,9.387,10.491,0
0.304,9.499,11.383,0
0.278,9.501,10.327,0
0.239,9.517999999999999,5.34,1
0.35100000000000003,9.521,6.185,0
0.447,9.474,8.405,0
0.389,9.499,8.356,0
0.141,9.476,9.273,0
4.226,5.561,8.248,0
1.69,5.107,10.154,0
1.347,4.7780000000000005,8.026,0
-0.499,7.029,9.593,0
-0.157,6.729,10.83,0
0.08199999999999999,7.94,11.13,0
-0.292,8.871,11.65,0
0.6609999999999999,8.116,10.204,0
0.46,10.595999999999998,8.011000000000001,0
-0.998,13.36,10.035,0
0.612,9.554,11.171,0
0.381,9.557,8.807,0
0.382,9.523,8.45,0
0.312,9.447000000000001,9.322000000000001,0
0.225,9.547,9.562999999999999,0
0.377,9.56,10.419,0
0.22399999999999998,9.605,10.217,0
0.41600000000000004,9.559,8.267000000000001,0
0.575,9.599,9.264,0
0.322,9.572000000000001,8.454,0
0.344,9.387,10.491,0
0.304,9.499,11.383,0
0.278,9.501,5.327000000000001,1
0.239,9.517999999999999,7.34,0
0.35100000000000003,9.521,7.585,0
0.447,9.474,8.405,0
0.389,9.499,8.356,0
0.141,9.476,9.273,0
4.226,5.561,8.248,0
1.69,5.107,10.154,0
1.347,4.7780000000000005,8.026,0
-0.499,7.029,9.593,0
-0.157,6.729,10.83,0
0.08199999999999999,7.94,11.13,0
-0.292,8.871,11.65,0
0.6609999999999999,8.116,10.204,0
0.46,10.595999999999998,8.011000000000001,0
-0.998,13.36,10.035,0
0.612,9.554,11.171,0
0.381,9.557,8.807,0
0.382,9.523,8.45,0
0.312,9.447000000000001,9.322000000000001,0
0.225,9.547,9.562999999999999,0
0.377,9.56,10.419,0
0.22399999999999998,9.605,10.217,0
0.41600000000000004,9.559,8.267000000000001,0
0.575,9.599,3.264,1
0.322,9.572000000000001,5.454,0
0.344,9.387,8.491,0
0.304,9.499,11.383,0
0.278,9.501,10.327,0
0.239,9.517999999999999,9.34,0
0.35100000000000003,9.521,10.585,0
0.447,9.474,8.405,0
0.389,9.499,8.356,0
0.141,9.476,9.273,0
4.226,5.561,8.248,0
1.69,5.107,10.154,0
1.347,4.7780000000000005,8.026,0
-0.499,7.029,9.593,0
-0.157,6.729,10.83,0
0.08199999999999999,7.94,11.13,0
-0.292,8.871,11.65,0
0.6609999999999999,8.116,10.204,0
0.46,10.595999999999998,5.011,1
-0.998,13.36,8.035,0
0.612,9.554,11.171,0
0.381,9.557,8.807,0
0.382,9.523,8.45,0
0.312,9.447000000000001,9.322000000000001,0
0.225,9.547,9.562999999999999,0
0.377,9.56,10.419,0
0.22399999999999998,9.605,10.217,0
0.41600000000000004,9.559,8.267000000000001,0
0.575,9.599,9.264,0
0.322,9.572000000000001,8.454,0
0.344,9.387,10.491,0
0.304,9.499,11.383,0
0.278,9.501,10.327,0
0.239,9.517999999999999,3.34,1
0.35100000000000003,9.521,5.585,0
0.447,9.474,7.405,0
0.389,9.499,8.356,0
0.141,9.476,9.273,0
4.226,5.561,8.248,0
1.69,5.107,10.154,0
1.347,4.7780000000000005,8.026,0
-0.499,7.029,9.593,0
-0.157,6.729,10.83,0
0.08199999999999999,7.94,11.13,0
-0.292,8.871,11.65,0
0.6609999999999999,8.116,10.204,0
0.46,10.595999999999998,8.011000000000001,0
-0.998,13.36,10.035,0
0.612,9.554,11.171,0
0.381,9.557,8.807,0
0.382,9.523,8.45,0
0.312,9.447000000000001,9.322000000000001,0
0.225,9.547,9.562999999999999,0
0.377,9.56,4.419,1
0.22399999999999998,9.605,4.917,0
0.41600000000000004,9.559,6.267,0
0.575,9.599,7.263999999999999,0
0.322,9.572000000000001,8.454,0
0.344,9.387,10.491,0
0.304,9.499,11.383,0
0.278,9.501,10.327,0
0.239,9.517999999999999,9.34,0
0.35100000000000003,9.521,10.585,0
0.447,9.474,8.405,0
0.389,9.499,8.356,0
0.141,9.476,9.273,0
4.226,5.561,8.248,0
1.69,5.107,10.154,0
1.347,4.7780000000000005,8.026,0
-0.499,7.029,9.593,0
-0.157,6.729,10.83,0
0.08199999999999999,7.94,11.13,0
-0.292,8.871,11.65,0
0.6609999999999999,8.116,10.204,0
0.46,10.595999999999998,8.011000000000001,0
-0.998,13.36,10.035,0
0.612,9.554,11.171,0
0.382,9.523,8.45,0
0.312,9.447000000000001,3.322,1
0.225,9.547,6.563,0
0.377,9.562000000000001,8.419,0
0.22399999999999998,9.605,10.217,0
0.41600000000000004,9.559,8.267000000000001,0
0.575,9.599,9.264,0
0.322,9.572000000000001,8.454,0
0.344,9.387,10.491,0
0.304,9.499,11.383,0
0.278,9.501,10.327,0
0.239,9.517999999999999,9.34,0
0.35100000000000003,9.521,10.585,0
0.447,9.474,8.405,0
0.389,9.499,8.356,0
0.141,9.476,9.273,0
4.226,5.561,8.248,0
1.69,5.107,10.154,0
1.347,4.7780000000000005,8.026,0
-0.499,7.029,9.593,0
-0.157,6.729,10.83,0
0.08199999999999999,7.94,11.13,0
-0.292,8.871,11.65,0
0.6609999999999999,8.116,10.204,0
0.46,10.595999999999998,8.011000000000001,0
-0.998,13.36,10.035,0
0.612,9.554,11.171,0
0.381,9.557,6.807,1
0.382,9.523,8.45,0
0.312,9.447000000000001,9.322000000000001,0
0.225,9.547,9.562999999999999,0
0.377,9.56,10.419,0
0.22399999999999998,9.605,10.217,0
0.41600000000000004,9.559,8.267000000000001,0
0.575,9.599,9.264,0
0.322,9.572000000000001,8.454,0
0.344,9.387,10.491,0
0.304,9.499,11.383,0
0.278,9.501,10.327,0
0.239,9.517999999999999,9.34,0
0.35100000000000003,9.521,10.585,0
0.447,9.474,8.405,0
0.389,9.499,8.356,0
0.141,9.476,9.273,0
4.226,5.561,8.248,0
1.69,5.107,10.154,0
1.347,4.7780000000000005,8.026,0
-0.499,7.029,9.593,0
-0.157,6.729,10.83,0
0.08199999999999999,7.94,11.13,0
-0.292,8.871,11.65,0
0.6609999999999999,8.116,10.204,0
0.46,10.595999999999998,8.011000000000001,0
-0.998,13.36,10.035,0
0.612,9.554,11.171,0
0.381,9.557,8.807,0
0.382,9.523,8.45,0
0.312,9.447000000000001,9.322000000000001,0
0.225,9.547,4.263,1
0.377,9.56,6.419,0
0.22399999999999998,9.605,8.217,0
0.41600000000000004,9.559,8.267000000000001,0
0.575,9.599,9.264,0
0.322,9.572000000000001,8.454,0
0.344,9.387,10.491,0
0.304,9.499,11.383,0
0.278,9.501,10.327,0
0.239,9.517999999999999,9.34,0
0.35100000000000003,9.521,10.585,0
0.447,9.474,8.405,0
0.389,9.499,8.356,0
0.141,9.476,9.273,0
3.089,1.633,9.748,0
2.4619999999999997,1.993,11.559000000000001,0
1.485,3.136,9.06,0
0.898,2.8360000000000003,8.88,0
2.1,-4.435,9.322000000000001,0
4.226,5.561,8.248,0
1.69,5.107,10.154,0
1.347,4.7780000000000005,8.026,0
-0.499,7.029,9.593,0
-0.157,6.729,10.83,0
0.08199999999999999,7.94,11.13,0
-0.292,8.871,11.65,0
0.6609999999999999,8.116,10.204,0
-0.05,12.315999999999999,9.292,0
-0.289,8.437000000000001,9.593,0
-1.301,12.812999999999999,11.027999999999999,0
1.915,9.943999999999999,10.389000000000001,0
-0.078,9.138,11.345,0
0.311,9.139,10.839,0
-0.139,8.1,9.254,0
0.46399999999999997,7.481,9.15,0
0.46,10.595999999999998,8.011000000000001,0
-0.998,13.36,10.035,0
0.389,9.499,8.356,0
0.141,9.476,9.273,0
4.226,5.561,8.248,0
1.69,5.107,10.154,0
1.347,4.7780000000000005,8.026,0
-0.499,7.029,9.593,0
-0.157,6.729,10.83,0
0.08199999999999999,7.94,11.13,0
-0.292,8.871,11.65,0
0.6609999999999999,8.116,10.204,0
0.46,10.595999999999998,8.011000000000001,0
-0.998,13.36,10.035,0
0.612,9.554,11.171,0
0.381,9.557,8.807,0
0.382,9.523,8.45,0
0.312,9.447000000000001,9.322000000000001,0
0.225,9.547,9.562999999999999,0
0.377,9.56,10.419,0
0.22399999999999998,9.605,10.217,0
0.41600000000000004,9.559,5.267,1
0.575,9.599,7.263999999999999,0
0.322,9.572000000000001,8.454,0
0.344,9.387,10.491,0
0.304,9.499,11.383,0
0.278,9.501,10.327,0
0.239,9.517999999999999,9.34,0
0.35100000000000003,9.521,10.585,0
0.447,9.474,8.405,0
0.389,9.499,8.356,0
0.141,9.476,9.273,0
4.226,5.561,8.248,0
1.69,5.107,10.154,0
1.347,4.7780000000000005,8.026,0
-0.499,7.029,9.593,0
-0.157,6.729,4.83,1
0.08199999999999999,7.941,6.13,0
-0.292,8.871,8.65,0
0.6609999999999999,8.116,10.204,0
0.46,10.595999999999998,8.011000000000001,0
-0.998,13.36,10.035,0
0.612,9.554,11.171,0
0.381,9.557,8.807,0
0.382,9.523,8.45,0
0.312,9.447000000000001,9.322000000000001,0
0.225,9.547,9.562999999999999,0
0.377,9.56,10.419,0
0.22399999999999998,9.605,10.217,0
0.41600000000000004,9.559,8.267000000000001,0
0.575,9.599,9.264,0
0.322,9.572000000000001,8.454,0
0.205,1.632,9.711,0
0.953,1.153,9.808,0
0.7759999999999999,1.2690000000000001,9.327,0
0.149,0.988,10.137,0
0.7959999999999999,0.943,9.842,0
1.054,1.178,9.102,0
0.655,1.255,9.4,0
0.467,1.329,9.102,0
0.39299999999999996,1.275,8.097999999999999,0
0.595,1.202,9.737,0
0.579,1.732,9.523,0
0.622,1.71,9.033999999999999,0
0.013000000000000001,1.939,9.096,0
-0.043,1.906,8.525,0
0.281,1.5859999999999999,8.529,0
0.512,1.984,7.1979999999999995,0
0.6970000000000001,2.224,8.299,0
0.899,1.475,10.086,0
1.605,0.528,13.324000000000002,0
-0.267,1.935,9.555,0
0.39399999999999996,1.288,11.107000000000001,0
-0.031,1.237,7.593,0
0.087,1.7369999999999999,7.676,0
0.75,1.4909999999999999,8.711,0
-0.175,1.854,8.226,0
-0.019,1.7619999999999998,7.881,0
0.14300000000000002,1.5390000000000001,6.15,0
1.187,1.287,6.356,0
0.49700000000000005,1.198,9.71,0
0.981,0.6459999999999999,13.589,0
1.085,1.639,13.565999999999999,0
1.6219999999999999,0.688,11.052999999999999,0
0.001,1.921,8.761000000000001,0
0.214,1.547,7.672999999999999,0
0.8220000000000001,1.285,6.462000000000001,0
0.532,1.5619999999999998,5.46,0
-0.012,2.305,8.967,0
1.001,1.653,13.034,0
0.589,0.823,15.23,0
1.3769999999999998,0.825,9.217,0
-0.606,2.4130000000000003,9.394,0
0.96,1.219,6.696000000000001,0
1.225,1.413,6.4110000000000005,0
0.20199999999999999,1.931,7.813,0
0.198,1.4680000000000002,6.3870000000000005,0
1.41,1.6019999999999999,9.571,0
-1.7380000000000002,1.9880000000000002,15.780999999999999,0
-0.511,1.527,11.457,0
1.75,1.3769999999999998,11.175999999999998,0
0.88,2.2640000000000002,7.771,0
1.054,2.012,6.406000000000001,0
0.09300000000000001,1.617,4.0280000000000005,0
-0.862,2.085,6.6370000000000005,0
2.049,2.748,12.617,0
-0.11900000000000001,2.687,17.249000000000002,0
0.7809999999999999,0.955,14.434000000000001,0
-1.107,2.238,11.427999999999999,0
-0.522,1.83,4.856,1
-0.455,2.1830000000000003,4.58,0
0.588,1.3780000000000001,6.249,0
-0.152,1.744,7.91,0
0.11199999999999999,1.298,11.892000000000001,0
-0.121,-0.22399999999999998,15.037,0
-0.669,2.463,10.248,0
-0.882,1.639,7.757000000000001,0
-0.311,1.347,5.461,0
0.276,1.371,5.189,0
0.124,0.395,7.396,0
-0.098,0.748,11.827,0
1.474,2.503,15.136,0
0.092,2.725,11.922,0
-1.143,3.3480000000000003,10.054,0
-0.4,1.778,5.29,1
0.619,0.75,4.643,0
-0.364,2.191,7.846,0
3.179,1.5590000000000002,12.764000000000001,0
-1.5030000000000001,1.8840000000000001,13.655999999999999,0
-0.337,1.3419999999999999,13.417,0
1.287,1.265,9.948,0
-1.102,2.625,7.7589999999999995,0
1.286,1.614,6.016,0
-0.35700000000000004,1.531,6.83,0
0.75,1.256,7.204,0
-0.22899999999999998,0.8240000000000001,11.005999999999998,0
0.536,1.713,6.539,1
1.35,1.9680000000000002,8.017000000000001,0
-2.271,3.265,9.414,0
1.0490000000000002,1.86,6.452999999999999,0
0.625,1.334,4.698,0
2.109,1.751,6.142,0
-1.4769999999999999,1.98,11.360999999999999,0
-0.7490000000000001,0.121,18.305,0
0.027000000000000003,2.305,11.130999999999998,0
1.426,1.6869999999999998,11.757,0
-0.664,2.138,8.25,0
0.10400000000000001,1.6280000000000001,8.689,0
0.519,1.248,7.829,0
1.037,1.171,7.07,0
-0.005,2.086,8.456,0
-0.5,2.461,10.067,0
-0.9790000000000001,1.859,11.075,0
1.4880000000000002,0.852,11.015999999999998,0
0.20199999999999999,1.8840000000000001,9.222999999999999,0
0.17800000000000002,1.883,10.562999999999999,0
0.363,1.2819999999999998,9.352,0
-0.301,1.9669999999999999,9.505,0
0.708,2.004,8.781,0
0.617,1.57,9.927999999999999,0
0.314,0.595,9.847000000000001,0
0.256,1.511,10.475999999999999,0
1.044,0.7440000000000001,9.401,0
0.731,1.207,9.347999999999999,0
0.171,1.6130000000000002,9.902999999999999,0
0.95,1.0290000000000001,8.478,0
0.787,1.0759999999999998,9.258,0
0.456,1.6440000000000001,9.2,0
0.165,1.699,9.298,0
-0.193,1.382,9.261000000000001,0
-0.449,1.683,3.7260000000000004,1
0.623,1.2930000000000001,4.79,0
0.55,1.141,6.246,0
-0.46,1.483,8.537,0
0.289,1.327,9.506,0
0.685,1.449,9.567,0
-0.114,1.827,8.767999999999999,0
0.645,1.5830000000000002,8.886000000000001,0
0.05,1.982,9.67,0
0.217,1.376,9.492,0
0.732,1.227,9.212,0
0.42200000000000004,1.405,10.003,0
0.75,0.9470000000000001,9.759,0
0.701,0.981,9.432,0
0.33899999999999997,1.271,9.957,0
0.8,1.158,9.84,0
0.444,1.151,8.89,0
0.45399999999999996,1.3630000000000002,9.767000000000001,0
0.78,1.15,9.083,0
-0.14,1.784,9.395,0
0.415,1.482,9.727,0
1.125,1.004,9.83,0
0.179,1.5919999999999999,5.2620000000000005,1
0.564,1.3030000000000002,7.226,0
0.563,1.199,9.779,0
0.379,1.042,9.759,0
0.42700000000000005,1.1840000000000002,9.041,0
-0.191,1.841,8.876,0
-0.163,1.964,9.162,0
0.179,1.778,9.142000000000001,0
0.493,1.777,9.559,0
0.634,1.7,9.788,0
0.21100000000000002,1.626,9.747,0
1.3230000000000002,0.991,10.119,0
1.0659999999999998,0.95,9.299,0
0.392,1.308,8.979,0
0.289,1.6740000000000002,9.725,0
0.365,1.05,9.126,0
0.9420000000000001,1.143,9.297,0
-0.126,1.62,3.1239999999999997,1
0.042,1.517,5.803,0
0.42,1.406,8.488,0
0.633,1.286,8.931000000000001,0
0.446,1.4909999999999999,9.396,0
0.33899999999999997,1.494,9.681000000000001,0
-0.147,1.4880000000000002,9.814,0
0.946,1.188,10.323,0
0.5379999999999999,1.314,9.013,0
0.466,1.456,9.14,0
0.28800000000000003,1.547,9.443,0
0.18600000000000003,1.288,8.781,0
0.038,1.254,9.345,0
0.521,0.991,9.077,0
0.321,1.505,9.384,0
0.115,1.607,9.311,0
-0.19399999999999998,1.9169999999999998,9.596,0
0.5870000000000001,1.595,9.675,0
0.27399999999999997,1.7830000000000001,9.658,0
0.085,1.754,9.75,0
0.6459999999999999,1.359,9.282,0
0.43200000000000005,1.199,10.255999999999998,0
0.8540000000000001,1.037,10.731,0
1.038,1.266,10.464,0
0.767,1.254,4.413,1
1.015,1.025,6.712999999999999,0
0.823,0.836,8.363999999999999,0
0.7020000000000001,1.247,9.363999999999999,0
1.344,1.03,9.774,0
0.8240000000000001,1.382,9.212,0
1.1079999999999999,1.3330000000000002,9.363,0
1.0979999999999999,1.379,9.37,0
1.158,1.5490000000000002,9.211,0
0.958,1.632,9.377,0
1.139,1.5,9.958,0
0.325,1.181,9.721,0
0.08199999999999999,7.94,11.13,0
-0.292,8.871,11.65,0
0.6609999999999999,8.116,10.204,0
0.46,10.595999999999998,8.011000000000001,0
-0.998,13.36,10.035,0
0.612,9.554,11.171,0
0.381,9.557,6.807,1
0.382,9.523,8.45,0
0.312,9.447000000000001,9.322000000000001,0
0.225,9.547,9.562999999999999,0
0.377,9.56,10.419,0
0.22399999999999998,9.605,10.217,0
0.41600000000000004,9.559,8.267000000000001,0
0.575,9.599,9.264,0
0.322,9.572000000000001,8.454,0
0.344,9.387,10.491,0
0.304,9.499,11.383,0
0.278,9.501,10.327,0
0.239,9.517999999999999,9.34,0
0.35100000000000003,9.521,10.585,0
0.447,9.474,8.405,0
0.389,9.499,8.356,0
0.141,9.476,9.273,0
4.226,5.561,8.248,0
1.69,5.107,10.154,0
1.347,4.7780000000000005,8.026,0
-0.499,7.029,9.593,0
-0.157,6.729,10.83,0
0.08199999999999999,7.94,11.13,0
-0.292,8.871,11.65,0
0.6609999999999999,8.116,10.204,0
0.46,10.595999999999998,8.011000000000001,0
-0.292,8.871,11.65,0
0.6609999999999999,8.116,10.204,0
0.46,10.595999999999998,8.011000000000001,0
-0.998,13.36,10.035,0
0.612,9.554,11.171,0
0.381,9.557,8.807,0
0.382,9.523,8.45,0
0.312,9.447000000000001,9.322000000000001,0
0.225,9.547,9.562999999999999,0
0.377,9.56,10.419,0
0.22399999999999998,9.605,10.217,0
0.41600000000000004,9.559,5.267,1
0.575,9.599,7.263999999999999,0
0.322,9.572000000000001,8.454,0
0.344,9.387,10.491,0
0.304,9.499,11.383,0
0.278,9.501,10.327,0
0.239,9.517999999999999,9.34,0
0.35100000000000003,9.521,10.585,0
0.447,9.474,8.405,0
0.389,9.499,8.356,0
0.141,9.476,9.273,0
4.226,5.561,8.248,0
1.69,5.107,10.154,0
1.347,4.7780000000000005,8.026,0
-0.499,7.029,9.593,0
-0.157,6.729,4.83,1
0.08199999999999999,7.941,6.13,0
-0.292,8.871,8.65,0
0.6609999999999999,8.116,10.204,0
0.46,10.595999999999998,8.011000000000001,0
-0.998,13.36,10.035,0
0.612,9.554,11.171,0
0.381,9.557,8.807,0
0.382,9.523,8.45,0
0.312,9.447000000000001,9.322000000000001,0
0.225,9.547,9.562999999999999,0
0.377,9.56,10.419,0
0.22399999999999998,9.605,10.217,0
0.41600000000000004,9.559,8.267000000000001,0
0.575,9.599,9.264,0
0.322,9.572000000000001,8.454,0
0.205,1.632,9.711,0
0.953,1.153,9.808,0
0.7759999999999999,1.2690000000000001,9.327,0
0.149,0.988,10.137,0
0.7959999999999999,0.943,9.842,0
1.054,1.178,9.102,0
0.389,9.499,8.356,0
0.141,9.476,9.273,0
4.226,5.561,8.248,0
1.69,5.107,10.154,0
1.347,4.7780000000000005,8.026,0
-0.499,7.029,9.593,0
-0.157,6.729,10.83,0
0.08199999999999999,7.94,11.13,0
-0.292,8.871,11.65,0
0.6609999999999999,8.116,10.204,0
0.46,10.595999999999998,8.011000000000001,0
-0.998,13.36,10.035,0
0.612,9.554,11.171,0
0.381,9.557,8.807,0
0.382,9.523,8.45,0
0.312,9.447000000000001,9.322000000000001,0
0.225,9.547,9.562999999999999,0
0.377,9.56,10.419,0
0.22399999999999998,9.605,10.217,0
0.41600000000000004,9.559,8.267000000000001,0
0.575,9.599,9.264,0
0.322,9.572000000000001,8.454,0
0.344,9.387,10.491,0
0.304,9.499,11.383,0
0.278,9.501,5.327000000000001,1
0.239,9.517999999999999,7.34,0
0.35100000000000003,9.521,7.585,0
0.447,9.474,8.405,0
0.389,9.499,8.356,0
0.141,9.476,9.273,0
4.226,5.561,8.248,0
1.69,5.107,10.154,0
1.347,4.7780000000000005,8.026,0
-0.499,7.029,9.593,0
-0.157,6.729,10.83,0
0.08199999999999999,7.94,11.13,0
-0.292,8.871,11.65,0
0.6609999999999999,8.116,10.204,0
0.08199999999999999,7.94,11.13,0
-0.292,8.871,11.65,0
0.6609999999999999,8.116,10.204,0
-0.05,12.315999999999999,9.292,0
-0.289,8.437000000000001,9.593,0
-1.301,12.812999999999999,11.027999999999999,0
1.915,9.943999999999999,10.389000000000001,0
-0.078,9.138,11.345,0
0.311,9.139,10.839,0
-0.139,8.1,9.254,0
0.46399999999999997,7.481,9.15,0
0.46,10.595999999999998,8.011000000000001,0
-0.998,13.36,10.035,0
0.612,9.554,11.171,0
0.27699999999999997,9.663,9.378,0
0.40700000000000003,9.469,8.902999999999999,0
0.239,9.49,9.72,0
0.21,9.533999999999999,3.65,1
0.381,9.557,5.807,0
0.382,9.523,8.45,0
0.312,9.447000000000001,9.322000000000001,0
0.225,9.547,9.562999999999999,0
0.377,9.56,10.419,0
0.22399999999999998,9.605,10.217,0
0.41600000000000004,9.559,8.267000000000001,0
0.575,9.599,9.264,0
0.322,9.572000000000001,8.454,0
0.344,9.387,10.491,0
0.304,9.499,11.383,0
0.278,9.501,10.327,0
0.239,9.517999999999999,9.34,0
0.8220000000000001,1.285,6.462000000000001,0
0.532,1.5619999999999998,5.46,0
-0.012,2.305,8.967,0
1.001,1.653,13.034,0
0.589,0.823,15.23,0
1.3769999999999998,0.825,9.217,0
-0.606,2.4130000000000003,9.394,0
0.96,1.219,6.696000000000001,0
1.225,1.413,6.4110000000000005,0
0.20199999999999999,1.931,7.813,0
0.198,1.4680000000000002,6.3870000000000005,0
1.41,1.6019999999999999,9.571,0
-1.7380000000000002,1.9880000000000002,10.780999999999999,0
-0.511,1.527,12.457,0
1.75,1.3769999999999998,14.175999999999998,0
0.88,2.2640000000000002,11.770999999999999,0
1.054,2.012,10.405999999999999,0
1.054,2.012,10.706,0
1.054,2.012,10.306,0
1.054,2.012,10.106,0
1.054,2.012,9.406,0
1.054,2.012,8.406,0
1.054,2.012,3.7430000000000003,1
1.054,2.012,5.414,0
1.054,2.012,7.987,0
0.322,9.572000000000001,8.454,0
0.344,9.387,10.491,0
0.304,9.499,11.383,0
0.278,9.501,10.327,0
0.239,9.517999999999999,9.34,0
0.8220000000000001,1.285,6.462000000000001,0
0.532,1.5619999999999998,5.468999999999999,0
